6.77617 7 5 4.97084 -0.0092554
7 8 4.97084 4.87663 -0.0382848
8 9 4.87663 4.8469 -0.0345515
9 10 4.8469 4.85719 -0.028997
10 11 4.85719 4.89596 -0.0218592
11 12 4.89596 4.93488 -0.0136774
12 13 4.93488 4.96165 -0.00718403
13 14 4.96165 4.97633 -0.00376592
14 15 4.97633 4.98331 -0.0024893
15 16 4.98331 4.98661 -0.00155163
16 17 4.98661 4.98868 -0.00116873
17 18 4.98868 4.99022 -0.000891841
18 19 4.99022 4.99167 -0.000716003
19 20 4.99167 4.98251 -0.000476289
20 21 4.98251 4.98283 -0.000396587
21 22 4.98283 4.98329 -0.000353675
22 23 4.98329 4.98359 -0.00031383
23 24 4.98359 4.98383 -0.00021386
24 25 4.98383 4.98404 -0.000183562
25 26 4.98404 4.98419 -0.000165711
26 27 4.98419 4.98432 -0.000115131
27 28 4.98432 4.98441 -9.39995e-05
28 29 4.98441 4.98458 -9.94139e-05
29 30 4.98458 4.97465 -7.11423e-05
30 31 4.97465 4.97462 -6.70815e-05
31 32 4.97462 4.97467 -6.96017e-05
32 33 4.97467 4.9747 -6.33521e-05
33 34 4.9747 4.97474 -4.18206e-05
34 35 4.97474 4.97477 -5.13297e-05
35 36 4.97477 4.97479 -4.83726e-05
36 37 4.97479 4.97481 -3.32991e-05
37 38 4.97481 4.97483 -3.34715e-05
38 39 4.97483 4.97489 -2.65304e-05
39 40 4.97489 4.96491 -3.03373e-05
40 41 4.96491 4.96488 -2.54867e-05
41 42 4.96488 4.96488 -3.21133e-05
42 43 4.96488 4.96489 -2.6801e-05
43 44 4.96489 4.9649 -1.9257e-05
44 45 4.9649 4.96491 -1.4487e-05
45 46 4.96491 4.96492 -2.07925e-05
46 47 4.96492 4.96492 -2.28465e-05
47 48 4.96492 4.96493 -1.59288e-05
48 49 4.96493 4.96496 -1.17298e-05
49 50 4.96496 4.95496 -6.84041e-06
50 51 4.95496 4.95494 -1.20861e-05
51 52 4.95494 4.95495 -1.30467e-05
52 53 4.95495 4.95495 -1.09253e-05
53 54 4.95495 4.95495 -8.01002e-06
54 55 4.95495 4.95496 -1.16932e-05
55 56 4.95496 4.95496 -3.82955e-06
56 57 4.95496 4.95496 -8.84115e-06
57 58 4.95496 4.95496 -9.84562e-06
58 59 4.95496 4.95498 -4.75076e-06
59 60 4.95498 4.94498 -4.94052e-06
60 61 4.94498 4.94497 -8.07112e-06
61 62 4.94497 4.94497 -5.08604e-06
62 63 4.94497 4.94497 -3.86098e-06
63 64 4.94497 4.94497 -4.34003e-06
64 65 4.94497 4.94498 -5.30448e-06
65 66 4.94498 4.94498 -8.40545e-06
66 67 4.94498 4.94498 -6.80265e-06
67 68 4.94498 4.94498 -3.53941e-06
68 69 4.94498 4.94499 -4.4625e-06
69 70 4.94499 4.93499 -1.9649e-06
70 71 4.93499 4.93498 -3.42981e-06
71 72 4.93498 4.93498 -1.9251e-06
72 73 4.93498 4.93498 -1.91569e-06
73 74 4.93498 4.93498 -2.77299e-06
74 75 4.93498 4.93498 -2.74761e-06
75 76 4.93498 4.93498 -1.77702e-06
76 77 4.93498 4.93499 -8.86952e-07
77 78 4.93499 4.93499 -3.51313e-06
78 79 4.93499 4.935 -3.06557e-06
79 80 4.935 4.925 -1.96931e-06
80 81 4.925 4.92499 -2.14171e-06
81 82 4.92499 4.92499 -8.27692e-07
82 83 4.92499 4.92499 -2.42529e-06
83 84 4.92499 4.92499 -1.20802e-06
84 85 4.92499 4.92499 -2.80261e-06
85 86 4.92499 4.92499 -7.73684e-07
86 87 4.92499 4.92499 -3.93213e-07
87 88 4.92499 4.92499 -2.3222e-06
88 89 4.92499 4.925 -2.63265e-06
89 90 4.925 4.915 -2.79548e-07
90 91 4.915 4.91499 -1.48635e-06
91 92 4.91499 4.91499 -2.21742e-06
92 93 4.91499 4.91499 -2.1558e-06
93 94 4.91499 4.91499 -1.41258e-06
94 95 4.91499 4.91499 -1.42973e-06
95 96 4.91499 4.91499 -3.44278e-07
96 97 4.91499 4.91499 -1.3899e-06
97 98 4.91499 4.91499 -6.85836e-07
98 99 4.91499 4.915 -6.64756e-07
99 100 4.915 4.905 -2.34308e-07
100 101 4.905 4.90499 -1.98396e-06
101 102 4.90499 4.90499 -9.98012e-07
102 103 4.90499 4.90499 -1.30721e-06
103 104 4.90499 4.90499 -1.27805e-06
104 105 4.90499 4.90499 -6.44898e-07
105 106 4.90499 4.905 -1.25445e-06
106 107 4.905 4.905 -3.18291e-07
107 108 4.905 4.905 -6.30942e-07
108 109 4.905 4.905 6.93889e-23
109 110 4.905 4.895 0
110 111 4.895 4.895 0
111 112 4.895 4.895 0
112 113 4.895 4.895 0
113 114 4.895 4.895 0
114 115 4.895 4.895 0
115 116 4.895 4.895 0
116 117 4.895 4.895 0
117 118 4.895 4.895 0
118 119 4.895 4.895 0
119 120 4.895 4.885 0
120 121 4.885 4.885 0
121 122 4.885 4.885 0
122 123 4.885 4.885 0
123 124 4.885 4.885 0
124 125 4.885 4.885 0
125 126 4.885 4.885 0
126 127 4.885 4.885 0
127 128 4.885 4.885 0
128 129 4.885 4.885 0
129 130 4.885 4.875 0
130 131 4.875 4.875 0
131 132 4.875 4.875 0
132 133 4.875 4.875 0
133 134 4.875 4.875 0
134 135 4.875 4.875 0
135 136 4.875 4.875 0
136 137 4.875 4.875 0
137 138 4.875 4.875 0
138 139 4.875 4.875 0
139 140 4.875 4.865 0
140 141 4.865 4.865 0
141 142 4.865 4.865 0
142 143 4.865 4.865 0
143 144 4.865 4.865 0
144 145 4.865 4.865 0
145 146 4.865 4.865 0
146 147 4.865 4.865 0
147 148 4.865 4.865 0
148 149 4.865 4.865 0
149 150 4.865 4.855 0
150 151 4.855 4.855 0
151 152 4.855 4.855 0
152 153 4.855 4.855 0
153 154 4.855 4.855 0
154 155 4.855 4.855 0
155 156 4.855 4.855 0
156 157 4.855 4.855 0
157 158 4.855 4.855 0
158 159 4.855 4.855 0
159 160 4.855 4.845 0
160 161 4.845 4.845 0
161 162 4.845 4.845 0
162 163 4.845 4.845 0
163 164 4.845 4.845 0
164 165 4.845 4.845 0
165 166 4.845 4.845 0
166 167 4.845 4.845 0
167 168 4.845 4.845 0
168 169 4.845 4.845 0
169 170 4.845 4.835 0
170 171 4.835 4.835 0
171 172 4.835 4.835 0
172 173 4.835 4.835 0
173 174 4.835 4.835 0
174 175 4.835 4.835 0
175 176 4.835 4.835 0
176 177 4.835 4.835 0
177 178 4.835 4.835 0
178 179 4.835 4.835 0
179 180 4.835 4.825 0
180 181 4.825 4.825 0
181 182 4.825 4.825 0
182 183 4.825 4.825 0
183 184 4.825 4.825 0
184 185 4.825 4.825 0
185 186 4.825 4.825 0
186 187 4.825 4.825 0
187 188 4.825 4.825 0
188 189 4.825 4.825 0
189 190 4.825 4.815 0
190 191 4.815 4.815 0
191 192 4.815 4.815 0
192 193 4.815 4.815 0
193 194 4.815 4.815 0
194 195 4.815 4.815 0
195 196 4.815 4.815 0
196 197 4.815 4.815 0
197 198 4.815 4.815 0
198 199 4.815 4.815 0
199 200 4.815 4.805 0
200 201 4.805 4.805 0
201 202 4.805 4.805 0
202 203 4.805 4.805 0
203 204 4.805 4.805 0
204 205 4.805 4.805 0
205 206 4.805 4.805 0
206 207 4.805 4.805 0
207 208 4.805 4.805 0
208 209 4.805 4.805 0
209 210 4.805 4.795 0
210 211 4.795 4.795 0
211 212 4.795 4.795 0
212 213 4.795 4.795 0
213 214 4.795 4.795 0
214 215 4.795 4.795 0
215 216 4.795 4.795 0
216 217 4.795 4.795 0
217 218 4.795 4.795 0
218 219 4.795 4.795 0
219 220 4.795 4.785 0
220 221 4.785 4.785 0
221 222 4.785 4.785 0
222 223 4.785 4.785 0
223 224 4.785 4.785 0
224 225 4.785 4.785 0
225 226 4.785 4.785 0
226 227 4.785 4.785 0
227 228 4.785 4.785 0
228 229 4.785 4.785 0
229 230 4.785 4.775 0
230 231 4.775 4.775 0
231 232 4.775 4.775 0
232 233 4.775 4.775 0
233 234 4.775 4.775 0
234 235 4.775 4.775 0
235 236 4.775 4.775 0
236 237 4.775 4.775 0
237 238 4.775 4.775 0
238 239 4.775 4.775 0
239 240 4.775 4.765 0
240 241 4.765 4.765 0
241 242 4.765 4.765 0
242 243 4.765 4.765 0
243 244 4.765 4.765 0
244 245 4.765 4.765 0
245 246 4.765 4.765 0
246 247 4.765 4.765 0
247 248 4.765 4.765 0
248 249 4.765 4.765 0
249 250 4.765 4.755 0
250 251 4.755 4.755 0
251 252 4.755 4.755 0
252 253 4.755 4.755 0
253 254 4.755 4.755 0
254 255 4.755 4.755 0
255 256 4.755 4.755 0
256 257 4.755 4.755 0
257 258 4.755 4.755 0
258 259 4.755 4.755 0
259 260 4.755 4.745 0
260 261 4.745 4.745 0
261 262 4.745 4.745 0
262 263 4.745 4.745 0
263 264 4.745 4.745 0
264 265 4.745 4.745 0
265 266 4.745 4.745 0
266 267 4.745 4.745 0
267 268 4.745 4.745 0
268 269 4.745 4.745 0
269 270 4.745 4.735 0
270 271 4.735 4.735 0
271 272 4.735 4.735 0
272 273 4.735 4.735 0
273 274 4.735 4.735 0
274 275 4.735 4.735 0
275 276 4.735 4.735 0
276 277 4.735 4.735 0
277 278 4.735 4.735 0
278 279 4.735 4.735 0
279 280 4.735 4.725 0
280 281 4.725 4.725 0
281 282 4.725 4.725 0
282 283 4.725 4.725 0
283 284 4.725 4.725 0
284 285 4.725 4.725 0
285 286 4.725 4.725 0
286 287 4.725 4.725 0
287 288 4.725 4.725 0
288 289 4.725 4.725 0
289 290 4.725 4.715 0
290 291 4.715 4.715 0
291 292 4.715 4.715 0
292 293 4.715 4.715 0
293 294 4.715 4.715 0
294 295 4.715 4.715 0
295 296 4.715 4.715 0
296 297 4.715 4.715 0
297 298 4.715 4.715 0
298 299 4.715 4.715 0
299 300 4.715 4.705 0
300 301 4.705 4.705 0
301 302 4.705 4.705 0
302 303 4.705 4.705 0
303 304 4.705 4.705 0
304 305 4.705 4.705 0
305 306 4.705 4.705 0
306 307 4.705 4.705 0
307 308 4.705 4.705 0
308 309 4.705 4.705 0
309 310 4.705 4.695 0
310 311 4.695 4.695 0
311 312 4.695 4.695 0
312 313 4.695 4.695 0
313 314 4.695 4.695 0
314 315 4.695 4.695 0
315 316 4.695 4.695 0
316 317 4.695 4.695 0
317 318 4.695 4.695 0
318 319 4.695 4.695 0
319 320 4.695 4.685 0
320 321 4.685 4.685 0
321 322 4.685 4.685 0
322 323 4.685 4.685 0
323 324 4.685 4.685 0
324 325 4.685 4.685 0
325 326 4.685 4.685 0
326 327 4.685 4.685 0
327 328 4.685 4.685 0
328 329 4.685 4.685 0
329 330 4.685 4.675 0
330 331 4.675 4.675 0
331 332 4.675 4.675 0
332 333 4.675 4.675 0
333 334 4.675 4.675 0
334 335 4.675 4.675 0
335 336 4.675 4.675 0
336 337 4.675 4.675 0
337 338 4.675 4.675 0
338 339 4.675 4.675 0
339 340 4.675 4.665 0
340 341 4.665 4.665 0
341 342 4.665 4.665 0
342 343 4.665 4.665 0
343 344 4.665 4.665 0
344 345 4.665 4.665 0
345 346 4.665 4.665 0
346 347 4.665 4.665 0
347 348 4.665 4.665 0
348 349 4.665 4.665 0
349 350 4.665 4.655 0
350 351 4.655 4.655 0
351 352 4.655 4.655 0
352 353 4.655 4.655 0
353 354 4.655 4.655 0
354 355 4.655 4.655 0
355 356 4.655 4.655 0
356 357 4.655 4.655 0
357 358 4.655 4.655 0
358 359 4.655 4.655 0
359 360 4.655 4.645 0
360 361 4.645 4.645 0
361 362 4.645 4.645 0
362 363 4.645 4.645 0
363 364 4.645 4.645 0
364 365 4.645 4.645 0
365 366 4.645 4.645 0
366 367 4.645 4.645 0
367 368 4.645 4.645 0
368 369 4.645 4.645 0
369 370 4.645 4.635 0
370 371 4.635 4.635 0
371 372 4.635 4.635 0
372 373 4.635 4.635 0
373 374 4.635 4.635 0
374 375 4.635 4.635 0
375 376 4.635 4.635 0
376 377 4.635 4.635 0
377 378 4.635 4.635 0
378 379 4.635 4.635 0
379 380 4.635 4.625 0
380 381 4.625 4.625 0
381 382 4.625 4.625 0
382 383 4.625 4.625 0
383 384 4.625 4.625 0
384 385 4.625 4.625 0
385 386 4.625 4.625 0
386 387 4.625 4.625 0
387 388 4.625 4.625 0
388 389 4.625 4.625 0
389 390 4.625 4.615 0
390 391 4.615 4.615 0
391 392 4.615 4.615 0
392 393 4.615 4.615 0
393 394 4.615 4.615 0
394 395 4.615 4.615 0
395 396 4.615 4.615 0
396 397 4.615 4.615 0
397 398 4.615 4.615 0
398 399 4.615 4.615 0
399 400 4.615 4.605 0
400 401 4.605 4.605 0
401 402 4.605 4.605 0
402 403 4.605 4.605 0
403 404 4.605 4.605 0
404 405 4.605 4.605 0
405 406 4.605 4.605 0
406 407 4.605 4.605 0
407 408 4.605 4.605 0
408 409 4.605 4.605 0
409 410 4.605 4.595 0
410 411 4.595 4.595 0
411 412 4.595 4.595 0
412 413 4.595 4.595 0
413 414 4.595 4.595 0
414 415 4.595 4.595 0
415 416 4.595 4.595 0
416 417 4.595 4.595 0
417 418 4.595 4.595 0
418 419 4.595 4.595 0
419 420 4.595 4.585 0
420 421 4.585 4.585 0
421 422 4.585 4.585 0
422 423 4.585 4.585 0
423 424 4.585 4.585 0
424 425 4.585 4.585 0
425 426 4.585 4.585 0
426 427 4.585 4.585 0
427 428 4.585 4.585 0
428 429 4.585 4.585 0
429 430 4.585 4.575 0
430 431 4.575 4.575 0
431 432 4.575 4.575 0
432 433 4.575 4.575 0
433 434 4.575 4.575 0
434 435 4.575 4.575 0
435 436 4.575 4.575 0
436 437 4.575 4.575 0
437 438 4.575 4.575 0
438 439 4.575 4.575 0
439 440 4.575 4.565 0
440 441 4.565 4.565 0
441 442 4.565 4.565 0
442 443 4.565 4.565 0
443 444 4.565 4.565 0
444 445 4.565 4.565 0
445 446 4.565 4.565 0
446 447 4.565 4.565 0
447 448 4.565 4.565 0
448 449 4.565 4.565 0
449 450 4.565 4.555 0
450 451 4.555 4.555 0
451 452 4.555 4.555 0
452 453 4.555 4.555 0
453 454 4.555 4.555 0
454 455 4.555 4.555 0
455 456 4.555 4.555 0
456 457 4.555 4.555 0
457 458 4.555 4.555 0
458 459 4.555 4.555 0
459 460 4.555 4.545 0
460 461 4.545 4.545 0
461 462 4.545 4.545 0
462 463 4.545 4.545 0
463 464 4.545 4.545 0
464 465 4.545 4.545 0
465 466 4.545 4.545 0
466 467 4.545 4.545 0
467 468 4.545 4.545 0
468 469 4.545 4.545 0
469 470 4.545 4.535 0
470 471 4.535 4.535 0
471 472 4.535 4.535 0
472 473 4.535 4.535 0
473 474 4.535 4.535 0
474 475 4.535 4.535 0
475 476 4.535 4.535 0
476 477 4.535 4.535 0
477 478 4.535 4.535 0
478 479 4.535 4.535 0
479 480 4.535 4.525 0
480 481 4.525 4.525 0
481 482 4.525 4.525 0
482 483 4.525 4.525 0
483 484 4.525 4.525 0
484 485 4.525 4.525 0
485 486 4.525 4.525 0
486 487 4.525 4.525 0
487 488 4.525 4.525 0
488 489 4.525 4.525 0
489 490 4.525 4.515 0
490 491 4.515 4.515 0
491 492 4.515 4.515 0
492 493 4.515 4.515 0
493 494 4.515 4.515 0
494 495 4.515 4.515 0
495 496 4.515 4.515 0
496 497 4.515 4.515 0
497 498 4.515 4.515 0
498 499 4.515 4.515 0
499 500 4.515 4.505 0
500 501 4.505 4.505 0
501 502 4.505 4.505 0
502 503 4.505 4.505 0
503 504 4.505 4.505 0
504 505 4.505 4.505 0
505 506 4.505 4.505 0
506 507 4.505 4.505 0
507 508 4.505 4.505 0
508 509 4.505 4.505 0
509 510 4.505 4.495 0
510 511 4.495 4.495 0
511 512 4.495 4.495 0
512 513 4.495 4.495 0
513 514 4.495 4.495 0
514 515 4.495 4.495 0
515 516 4.495 4.495 0
516 517 4.495 4.495 0
517 518 4.495 4.495 0
518 519 4.495 4.495 0
519 520 4.495 4.485 0
520 521 4.485 4.485 0
521 522 4.485 4.485 0
522 523 4.485 4.485 0
523 524 4.485 4.485 0
524 525 4.485 4.485 0
525 526 4.485 4.485 0
526 527 4.485 4.485 0
527 528 4.485 4.485 0
528 529 4.485 4.485 0
529 530 4.485 4.475 0
530 531 4.475 4.475 0
531 532 4.475 4.475 0
532 533 4.475 4.475 0
533 534 4.475 4.475 0
534 535 4.475 4.475 0
535 536 4.475 4.475 0
536 537 4.475 4.475 0
537 538 4.475 4.475 0
538 539 4.475 4.475 0
539 540 4.475 4.465 0
540 541 4.465 4.465 0
541 542 4.465 4.465 0
542 543 4.465 4.465 0
543 544 4.465 4.465 0
544 545 4.465 4.465 0
545 546 4.465 4.465 0
546 547 4.465 4.465 0
547 548 4.465 4.465 0
548 549 4.465 4.465 0
549 550 4.465 4.455 0
550 551 4.455 4.455 0
551 552 4.455 4.455 0
552 553 4.455 4.455 0
553 554 4.455 4.455 0
554 555 4.455 4.455 0
555 556 4.455 4.455 0
556 557 4.455 4.455 0
557 558 4.455 4.455 0
558 559 4.455 4.455 0
559 560 4.455 4.445 0
560 561 4.445 4.445 0
561 562 4.445 4.445 0
562 563 4.445 4.445 0
563 564 4.445 4.445 0
564 565 4.445 4.445 0
565 566 4.445 4.445 0
566 567 4.445 4.445 0
567 568 4.445 4.445 0
568 569 4.445 4.445 0
569 570 4.445 4.435 0
570 571 4.435 4.435 0
571 572 4.435 4.435 0
572 573 4.435 4.435 0
573 574 4.435 4.435 0
574 575 4.435 4.435 0
575 576 4.435 4.435 0
576 577 4.435 4.435 0
577 578 4.435 4.435 0
578 579 4.435 4.435 0
579 580 4.435 4.425 0
580 581 4.425 4.425 0
581 582 4.425 4.425 0
582 583 4.425 4.425 0
583 584 4.425 4.425 0
584 585 4.425 4.425 0
585 586 4.425 4.425 0
586 587 4.425 4.425 0
587 588 4.425 4.425 0
588 589 4.425 4.425 0
589 590 4.425 4.415 0
590 591 4.415 4.415 0
591 592 4.415 4.415 0
592 593 4.415 4.415 0
593 594 4.415 4.415 0
594 595 4.415 4.415 0
595 596 4.415 4.415 0
596 597 4.415 4.415 0
597 598 4.415 4.415 0
598 599 4.415 4.415 0
599 600 4.415 4.405 0
600 601 4.405 4.405 0
601 602 4.405 4.405 0
602 603 4.405 4.405 0
603 604 4.405 4.405 0
604 605 4.405 4.405 0
605 606 4.405 4.405 0
606 607 4.405 4.405 0
607 608 4.405 4.405 0
608 609 4.405 4.405 0
609 610 4.405 4.395 0
610 611 4.395 4.395 0
611 612 4.395 4.395 0
612 613 4.395 4.395 0
613 614 4.395 4.395 0
614 615 4.395 4.395 0
615 616 4.395 4.395 0
616 617 4.395 4.395 0
617 618 4.395 4.395 0
618 619 4.395 4.395 0
619 620 4.395 4.385 0
620 621 4.385 4.385 0
621 622 4.385 4.385 0
622 623 4.385 4.385 0
623 624 4.385 4.385 0
624 625 4.385 4.385 0
625 626 4.385 4.385 0
626 627 4.385 4.385 0
627 628 4.385 4.385 0
628 629 4.385 4.385 0
629 630 4.385 4.375 0
630 631 4.375 4.375 0
631 632 4.375 4.375 0
632 633 4.375 4.375 0
633 634 4.375 4.375 0
634 635 4.375 4.375 0
635 636 4.375 4.375 0
636 637 4.375 4.375 0
637 638 4.375 4.375 0
638 639 4.375 4.375 0
639 640 4.375 4.365 0
640 641 4.365 4.365 0
641 642 4.365 4.365 0
642 643 4.365 4.365 0
643 644 4.365 4.365 0
644 645 4.365 4.365 0
645 646 4.365 4.365 0
646 647 4.365 4.365 0
647 648 4.365 4.365 0
648 649 4.365 4.365 0
649 650 4.365 4.355 0
650 651 4.355 4.355 0
651 652 4.355 4.355 0
652 653 4.355 4.355 0
653 654 4.355 4.355 0
654 655 4.355 4.355 0
655 656 4.355 4.355 0
656 657 4.355 4.355 0
657 658 4.355 4.355 0
658 659 4.355 4.355 0
659 660 4.355 4.345 0
660 661 4.345 4.345 0
661 662 4.345 4.345 0
662 663 4.345 4.345 0
663 664 4.345 4.345 0
664 665 4.345 4.345 0
665 666 4.345 4.345 0
666 667 4.345 4.345 0
667 668 4.345 4.345 0
668 669 4.345 4.345 0
669 670 4.345 4.335 0
670 671 4.335 4.335 0
671 672 4.335 4.335 0
672 673 4.335 4.335 0
673 674 4.335 4.335 0
674 675 4.335 4.335 0
675 676 4.335 4.335 0
676 677 4.335 4.335 0
677 678 4.335 4.335 0
678 679 4.335 4.335 0
679 680 4.335 4.325 0
680 681 4.325 4.325 0
681 682 4.325 4.325 0
682 683 4.325 4.325 0
683 684 4.325 4.325 0
684 685 4.325 4.325 0
685 686 4.325 4.325 0
686 687 4.325 4.325 0
687 688 4.325 4.325 0
688 689 4.325 4.325 0
689 690 4.325 4.315 0
690 691 4.315 4.315 0
691 692 4.315 4.315 0
692 693 4.315 4.315 0
693 694 4.315 4.315 0
694 695 4.315 4.315 0
695 696 4.315 4.315 0
696 697 4.315 4.315 0
697 698 4.315 4.315 0
698 699 4.315 4.315 0
699 700 4.315 4.305 0
700 701 4.305 4.305 0
701 702 4.305 4.305 0
702 703 4.305 4.305 0
703 704 4.305 4.305 0
704 705 4.305 4.305 0
705 706 4.305 4.305 0
706 707 4.305 4.305 0
707 708 4.305 4.305 0
708 709 4.305 4.305 0
709 710 4.305 4.295 0
710 711 4.295 4.295 0
711 712 4.295 4.295 0
712 713 4.295 4.295 0
713 714 4.295 4.295 0
714 715 4.295 4.295 0
715 716 4.295 4.295 0
716 717 4.295 4.295 0
717 718 4.295 4.295 0
718 719 4.295 4.295 0
719 720 4.295 4.285 0
720 721 4.285 4.285 0
721 722 4.285 4.285 0
722 723 4.285 4.285 0
723 724 4.285 4.285 0
724 725 4.285 4.285 0
725 726 4.285 4.285 0
726 727 4.285 4.285 0
727 728 4.285 4.285 0
728 729 4.285 4.285 0
729 730 4.285 4.275 0
730 731 4.275 4.275 0
731 732 4.275 4.275 0
732 733 4.275 4.275 0
733 734 4.275 4.275 0
734 735 4.275 4.275 0
735 736 4.275 4.275 0
736 737 4.275 4.275 0
737 738 4.275 4.275 0
738 739 4.275 4.275 0
739 740 4.275 4.265 0
740 741 4.265 4.265 0
741 742 4.265 4.265 0
742 743 4.265 4.265 0
743 744 4.265 4.265 0
744 745 4.265 4.265 0
745 746 4.265 4.265 0
746 747 4.265 4.265 0
747 748 4.265 4.265 0
748 749 4.265 4.265 0
749 750 4.265 4.255 0
750 751 4.255 4.255 0
751 752 4.255 4.255 0
752 753 4.255 4.255 0
753 754 4.255 4.255 0
754 755 4.255 4.255 0
755 756 4.255 4.255 0
756 757 4.255 4.255 0
757 758 4.255 4.255 0
758 759 4.255 4.255 0
759 760 4.255 4.245 0
760 761 4.245 4.245 0
761 762 4.245 4.245 0
762 763 4.245 4.245 0
763 764 4.245 4.245 0
764 765 4.245 4.245 0
765 766 4.245 4.245 0
766 767 4.245 4.245 0
767 768 4.245 4.245 0
768 769 4.245 4.245 0
769 770 4.245 4.235 0
770 771 4.235 4.235 0
771 772 4.235 4.235 0
772 773 4.235 4.235 0
773 774 4.235 4.235 0
774 775 4.235 4.235 0
775 776 4.235 4.235 0
776 777 4.235 4.235 0
777 778 4.235 4.235 0
778 779 4.235 4.235 0
779 780 4.235 4.225 0
780 781 4.225 4.225 0
781 782 4.225 4.225 0
782 783 4.225 4.225 0
783 784 4.225 4.225 0
784 785 4.225 4.225 0
785 786 4.225 4.225 0
786 787 4.225 4.225 0
787 788 4.225 4.225 0
788 789 4.225 4.225 0
789 790 4.225 4.215 0
790 791 4.215 4.215 0
791 792 4.215 4.215 0
792 793 4.215 4.215 0
793 794 4.215 4.215 0
794 795 4.215 4.215 0
795 796 4.215 4.215 0
796 797 4.215 4.215 0
797 798 4.215 4.215 0
798 799 4.215 4.215 0
799 800 4.215 4.205 0
800 801 4.205 4.205 0
801 802 4.205 4.205 0
802 803 4.205 4.205 0
803 804 4.205 4.205 0
804 805 4.205 4.205 0
805 806 4.205 4.205 0
806 807 4.205 4.205 0
807 808 4.205 4.205 0
808 809 4.205 4.205 0
809 810 4.205 4.195 0
810 811 4.195 4.195 0
811 812 4.195 4.195 0
812 813 4.195 4.195 0
813 814 4.195 4.195 0
814 815 4.195 4.195 0
815 816 4.195 4.195 0
816 817 4.195 4.195 0
817 818 4.195 4.195 0
818 819 4.195 4.195 0
819 820 4.195 4.185 0
820 821 4.185 4.185 0
821 822 4.185 4.185 0
822 823 4.185 4.185 0
823 824 4.185 4.185 0
824 825 4.185 4.185 0
825 826 4.185 4.185 0
826 827 4.185 4.185 0
827 828 4.185 4.185 0
828 829 4.185 4.185 0
829 830 4.185 4.175 0
830 831 4.175 4.175 0
831 832 4.175 4.175 0
832 833 4.175 4.175 0
833 834 4.175 4.175 0
834 835 4.175 4.175 0
835 836 4.175 4.175 0
836 837 4.175 4.175 0
837 838 4.175 4.175 0
838 839 4.175 4.175 0
839 840 4.175 4.165 0
840 841 4.165 4.165 0
841 842 4.165 4.165 0
842 843 4.165 4.165 0
843 844 4.165 4.165 0
844 845 4.165 4.165 0
845 846 4.165 4.165 0
846 847 4.165 4.165 0
847 848 4.165 4.165 0
848 849 4.165 4.165 0
849 850 4.165 4.155 0
850 851 4.155 4.155 0
851 852 4.155 4.155 0
852 853 4.155 4.155 0
853 854 4.155 4.155 0
854 855 4.155 4.155 0
855 856 4.155 4.155 0
856 857 4.155 4.155 0
857 858 4.155 4.155 0
858 859 4.155 4.155 0
859 860 4.155 4.145 0
860 861 4.145 4.145 0
861 862 4.145 4.145 0
862 863 4.145 4.145 0
863 864 4.145 4.145 0
864 865 4.145 4.145 0
865 866 4.145 4.145 0
866 867 4.145 4.145 0
867 868 4.145 4.145 0
868 869 4.145 4.145 0
869 870 4.145 4.135 0
870 871 4.135 4.135 0
871 872 4.135 4.135 0
872 873 4.135 4.135 0
873 874 4.135 4.135 0
874 875 4.135 4.135 0
875 876 4.135 4.135 0
876 877 4.135 4.135 0
877 878 4.135 4.135 0
878 879 4.135 4.135 0
879 880 4.135 4.125 0
880 881 4.125 4.125 0
881 882 4.125 4.125 0
882 883 4.125 4.125 0
883 884 4.125 4.125 0
884 885 4.125 4.125 0
885 886 4.125 4.125 0
886 887 4.125 4.125 0
887 888 4.125 4.125 0
888 889 4.125 4.125 0
889 890 4.125 4.115 0
890 891 4.115 4.115 0
891 892 4.115 4.115 0
892 893 4.115 4.115 0
893 894 4.115 4.115 0
894 895 4.115 4.115 0
895 896 4.115 4.115 0
896 897 4.115 4.115 0
897 898 4.115 4.115 0
898 899 4.115 4.115 0
899 900 4.115 4.105 0
900 901 4.105 4.105 0
901 902 4.105 4.105 0
902 903 4.105 4.105 0
903 904 4.105 4.105 0
904 905 4.105 4.105 0
905 906 4.105 4.105 0
906 907 4.105 4.105 0
907 908 4.105 4.105 0
908 909 4.105 4.105 0
909 910 4.105 4.095 0
910 911 4.095 4.095 0
911 912 4.095 4.095 0
912 913 4.095 4.095 0
913 914 4.095 4.095 0
914 915 4.095 4.095 0
915 916 4.095 4.095 0
916 917 4.095 4.095 0
917 918 4.095 4.095 0
918 919 4.095 4.095 0
919 920 4.095 4.085 0
920 921 4.085 4.085 0
921 922 4.085 4.085 0
922 923 4.085 4.085 0
923 924 4.085 4.085 0
924 925 4.085 4.085 0
925 926 4.085 4.085 0
926 927 4.085 4.085 0
927 928 4.085 4.085 0
928 929 4.085 4.085 0
929 930 4.085 4.075 0
930 931 4.075 4.075 0
931 932 4.075 4.075 0
932 933 4.075 4.075 0
933 934 4.075 4.075 0
934 935 4.075 4.075 0
935 936 4.075 4.075 0
936 937 4.075 4.075 0
937 938 4.075 4.075 0
938 939 4.075 4.075 0
939 940 4.075 4.065 0
940 941 4.065 4.065 0
941 942 4.065 4.065 0
942 943 4.065 4.065 0
943 944 4.065 4.065 0
944 945 4.065 4.065 0
945 946 4.065 4.065 0
946 947 4.065 4.065 0
947 948 4.065 4.065 0
948 949 4.065 4.065 0
949 950 4.065 4.055 0
950 951 4.055 4.055 0
951 952 4.055 4.055 0
952 953 4.055 4.055 0
953 954 4.055 4.055 0
954 955 4.055 4.055 0
955 956 4.055 4.055 0
956 957 4.055 4.055 0
957 958 4.055 4.055 0
958 959 4.055 4.055 0
959 960 4.055 4.045 0
960 961 4.045 4.045 0
961 962 4.045 4.045 0
962 963 4.045 4.045 0
963 964 4.045 4.045 0
964 965 4.045 4.045 0
965 966 4.045 4.045 0
966 967 4.045 4.045 0
967 968 4.045 4.045 0
968 969 4.045 4.045 0
969 970 4.045 4.035 0
970 971 4.035 4.035 0
971 972 4.035 4.035 0
972 973 4.035 4.035 0
973 974 4.035 4.035 0
974 975 4.035 4.035 0
975 976 4.035 4.035 0
976 977 4.035 4.035 0
977 978 4.035 4.035 0
978 979 4.035 4.035 0
979 980 4.035 4.025 0
980 981 4.025 4.025 0
981 982 4.025 4.025 0
982 983 4.025 4.025 0
983 984 4.025 4.025 0
984 985 4.025 4.025 0
985 986 4.025 4.025 0
986 987 4.025 4.025 0
987 988 4.025 4.025 0
988 989 4.025 4.025 0
989 990 4.025 4.015 0
990 991 4.015 4.015 0
991 992 4.015 4.015 0
992 993 4.015 4.015 0
993 994 4.015 4.015 0
994 995 4.015 4.015 0
995 996 4.015 4.015 0
996 997 4.015 4.015 0
997 998 4.015 4.015 0
998 999 4.015 4.015 0
0 1 5.01431 5.04199 -0.00195646
1 2 5.04199 5.09373 -0.00285951
2 3 5.09373 5.15382 -0.00457268
3 4 5.15382 5.18176 -0.0101852
4 5 5.18176 5.1596 -0.0201279
5 6 5.1596 5.09556 -0.0318377
6 6.77617 5.09556 5 -0.0302894
