0 1 500.5 500.5 0
1 2 500.5 500.5 0
2 3 500.5 500.5 0
3 4 500.5 500.5 0
4 5 500.5 500.5 0
5 6 500.5 500.5 0
6 7 500.5 500.5 0
7 8 500.5 500.5 0
8 9 500.5 500.5 0
9 10 500.5 500.5 0
10 11 500.5 500.5 0
11 12 500.5 500.5 0
12 13 500.5 500.5 0
13 14 500.5 500.5 0
14 15 500.5 500.5 0
15 16 500.5 500.5 0
16 17 500.5 500.5 0
17 18 500.5 500.5 0
18 19 500.5 500.5 0
19 20 500.5 500.5 0
20 21 500.5 500.5 0
21 22 500.5 500.5 0
22 23 500.5 500.5 0
23 24 500.5 500.5 0
24 25 500.5 500.5 0
25 26 500.5 500.5 0
26 27 500.5 500.5 0
27 28 500.5 500.5 0
28 29 500.5 500.5 0
29 30 500.5 500.5 0
30 31 500.5 500.5 0
31 32 500.5 500.5 0
32 33 500.5 500.5 0
33 34 500.5 500.5 0
34 35 500.5 500.5 0
35 36 500.5 500.5 0
36 37 500.5 500.5 0
37 38 500.5 500.5 0
38 39 500.5 500.5 0
39 40 500.5 500.5 0
40 41 500.5 500.5 0
41 42 500.5 500.5 0
42 43 500.5 500.5 0
43 44 500.5 500.5 0
44 45 500.5 500.5 0
45 46 500.5 500.5 0
46 47 500.5 500.5 0
47 48 500.5 500.5 0
48 49 500.5 500.5 0
49 50 500.5 500.5 0
50 51 500.5 500.5 0
51 52 500.5 500.5 0
52 53 500.5 500.5 0
53 54 500.5 500.5 0
54 55 500.5 500.5 0
55 56 500.5 500.5 0
56 57 500.5 500.5 0
57 58 500.5 500.5 0
58 59 500.5 500.5 0
59 60 500.5 500.5 0
60 61 500.5 500.5 0
61 62 500.5 500.5 0
62 63 500.5 500.5 0
63 64 500.5 500.5 0
64 65 500.5 500.5 0
65 66 500.5 500.5 0
66 67 500.5 500.5 0
67 68 500.5 500.5 0
68 69 500.5 500.5 0
69 70 500.5 500.5 0
70 71 500.5 500.5 0
71 72 500.5 500.5 0
72 73 500.5 500.5 0
73 74 500.5 500.5 0
74 75 500.5 500.5 0
75 76 500.5 500.5 0
76 77 500.5 500.5 0
77 78 500.5 500.5 0
78 79 500.5 500.5 0
79 80 500.5 500.5 0
80 81 500.5 500.5 0
81 82 500.5 500.5 0
82 83 500.5 500.5 0
83 84 500.5 500.5 0
84 85 500.5 500.5 0
85 86 500.5 500.5 0
86 87 500.5 500.5 0
87 88 500.5 500.5 0
88 89 500.5 500.5 0
89 90 500.5 500.5 0
90 91 500.5 500.5 0
91 92 500.5 500.5 0
92 93 500.5 500.5 0
93 94 500.5 500.5 0
94 95 500.5 500.5 0
95 96 500.5 500.5 0
96 97 500.5 500.5 0
97 98 500.5 500.5 0
98 99 500.5 500.5 0
99 100 500.5 500.5 0
100 101 500.5 500.5 0
101 102 500.5 500.5 0
102 103 500.5 500.5 0
103 104 500.5 500.5 0
104 105 500.5 500.5 0
105 106 500.5 500.5 0
106 107 500.5 500.5 0
107 108 500.5 500.5 0
108 109 500.5 500.5 0
109 110 500.5 500.5 0
110 111 500.5 500.5 0
111 112 500.5 500.5 0
112 113 500.5 500.5 0
113 114 500.5 500.5 0
114 115 500.5 500.5 0
115 116 500.5 500.5 0
116 117 500.5 500.5 0
117 118 500.5 500.5 0
118 119 500.5 500.5 0
119 120 500.5 500.5 0
120 121 500.5 500.5 0
121 122 500.5 500.5 0
122 123 500.5 500.5 0
123 124 500.5 500.5 0
124 125 500.5 500.5 0
125 126 500.5 500.5 0
126 127 500.5 500.5 0
127 128 500.5 500.5 0
128 129 500.5 500.5 0
129 130 500.5 500.5 0
130 131 500.5 500.5 0
131 132 500.5 500.5 0
132 133 500.5 500.5 0
133 134 500.5 500.5 0
134 135 500.5 500.5 0
135 136 500.5 500.5 0
136 137 500.5 500.5 0
137 138 500.5 500.5 0
138 139 500.5 500.5 0
139 140 500.5 500.5 0
140 141 500.5 500.5 0
141 142 500.5 500.5 0
142 143 500.5 500.5 0
143 144 500.5 500.5 0
144 145 500.5 500.5 0
145 146 500.5 500.5 0
146 147 500.5 500.5 0
147 148 500.5 500.5 0
148 149 500.5 500.5 0
149 150 500.5 500.5 0
150 151 500.5 500.5 0
151 152 500.5 500.5 0
152 153 500.5 500.5 0
153 154 500.5 500.5 0
154 155 500.5 500.5 0
155 156 500.5 500.5 0
156 157 500.5 500.5 0
157 158 500.5 500.5 0
158 159 500.5 500.5 0
159 160 500.5 500.5 0
160 161 500.5 500.5 0
161 162 500.5 500.5 0
162 163 500.5 500.5 0
163 164 500.5 500.5 0
164 165 500.5 500.5 0
165 166 500.5 500.5 0
166 167 500.5 500.5 0
167 168 500.5 500.5 0
168 169 500.5 500.5 0
169 170 500.5 500.5 0
170 171 500.5 500.5 0
171 172 500.5 500.5 0
172 173 500.5 500.5 0
173 174 500.5 500.5 0
174 175 500.5 500.5 0
175 176 500.5 500.5 0
176 177 500.5 500.5 0
177 178 500.5 500.5 0
178 179 500.5 500.5 0
179 180 500.5 500.5 0
180 181 500.5 500.5 0
181 182 500.5 500.5 0
182 183 500.5 500.5 0
183 184 500.5 500.5 0
184 185 500.5 500.5 0
185 186 500.5 500.5 0
186 187 500.5 500.5 0
187 188 500.5 500.5 0
188 189 500.5 500.5 0
189 190 500.5 500.5 0
190 191 500.5 500.5 0
191 192 500.5 500.5 0
192 193 500.5 500.5 0
193 194 500.5 500.5 0
194 195 500.5 500.5 0
195 196 500.5 500.5 0
196 197 500.5 500.5 0
197 198 500.5 500.5 0
198 199 500.5 500.5 0
199 200 500.5 500.5 0
200 201 500.5 500.5 0
201 202 500.5 500.5 0
202 203 500.5 500.5 0
203 204 500.5 500.5 0
204 205 500.5 500.5 0
205 206 500.5 500.5 0
206 207 500.5 500.5 0
207 208 500.5 500.5 0
208 209 500.5 500.5 0
209 210 500.5 500.5 0
210 211 500.5 500.5 0
211 212 500.5 500.5 0
212 213 500.5 500.5 0
213 214 500.5 500.5 0
214 215 500.5 500.5 0
215 216 500.5 500.5 0
216 217 500.5 500.5 0
217 218 500.5 500.5 0
218 219 500.5 500.5 0
219 220 500.5 500.5 0
220 221 500.5 500.5 0
221 222 500.5 500.5 0
222 223 500.5 500.5 0
223 224 500.5 500.5 0
224 225 500.5 500.5 0
225 226 500.5 500.5 0
226 227 500.5 500.5 0
227 228 500.5 500.5 0
228 229 500.5 500.5 0
229 230 500.5 500.5 0
230 231 500.5 500.5 0
231 232 500.5 500.5 0
232 233 500.5 500.5 0
233 234 500.5 500.5 0
234 235 500.5 500.5 0
235 236 500.5 500.5 0
236 237 500.5 500.5 0
237 238 500.5 500.5 0
238 239 500.5 500.5 0
239 240 500.5 500.5 0
240 241 500.5 500.5 0
241 242 500.5 500.5 0
242 243 500.5 500.5 0
243 244 500.5 500.5 0
244 245 500.5 500.5 0
245 246 500.5 500.5 0
246 247 500.5 500.5 0
247 248 500.5 500.5 0
248 249 500.5 500.5 0
249 250 500.5 500.5 0
250 251 500.5 500.5 0
251 252 500.5 500.5 0
252 253 500.5 500.5 0
253 254 500.5 500.5 0
254 255 500.5 500.5 0
255 256 500.5 500.5 0
256 257 500.5 500.5 0
257 258 500.5 500.5 0
258 259 500.5 500.5 0
259 260 500.5 500.5 0
260 261 500.5 500.5 0
261 262 500.5 500.5 0
262 263 500.5 500.5 0
263 264 500.5 500.5 0
264 265 500.5 500.5 0
265 266 500.5 500.5 0
266 267 500.5 500.5 0
267 268 500.5 500.5 0
268 269 500.5 500.5 0
269 270 500.5 500.5 0
270 271 500.5 500.5 0
271 272 500.5 500.5 0
272 273 500.5 500.5 0
273 274 500.5 500.5 0
274 275 500.5 500.5 0
275 276 500.5 500.5 0
276 277 500.5 500.5 0
277 278 500.5 500.5 0
278 279 500.5 500.5 0
279 280 500.5 500.5 0
280 281 500.5 500.5 0
281 282 500.5 500.5 0
282 283 500.5 500.5 0
283 284 500.5 500.5 0
284 285 500.5 500.5 0
285 286 500.5 500.5 0
286 287 500.5 500.5 0
287 288 500.5 500.5 0
288 289 500.5 500.5 0
289 290 500.5 500.5 0
290 291 500.5 500.5 0
291 292 500.5 500.5 0
292 293 500.5 500.5 0
293 294 500.5 500.5 0
294 295 500.5 500.5 0
295 296 500.5 500.5 0
296 297 500.5 500.5 0
297 298 500.5 500.5 0
298 299 500.5 500.5 0
299 300 500.5 500.5 0
300 301 500.5 500.5 0
301 302 500.5 500.5 0
302 303 500.5 500.5 0
303 304 500.5 500.5 0
304 305 500.5 500.5 0
305 306 500.5 500.5 0
306 307 500.5 500.5 0
307 308 500.5 500.5 0
308 309 500.5 500.5 0
309 310 500.5 500.5 0
310 311 500.5 500.5 0
311 312 500.5 500.5 0
312 313 500.5 500.5 0
313 314 500.5 500.5 0
314 315 500.5 500.5 0
315 316 500.5 500.5 0
316 317 500.5 500.5 0
317 318 500.5 500.5 0
318 319 500.5 500.5 0
319 320 500.5 500.5 0
320 321 500.5 500.5 0
321 322 500.5 500.5 0
322 323 500.5 500.5 0
323 324 500.5 500.5 0
324 325 500.5 500.5 0
325 326 500.5 500.5 0
326 327 500.5 500.5 0
327 328 500.5 500.5 0
328 329 500.5 500.5 0
329 330 500.5 500.5 0
330 331 500.5 500.5 0
331 332 500.5 500.5 0
332 333 500.5 500.5 0
333 334 500.5 500.5 0
334 335 500.5 500.5 0
335 336 500.5 500.5 0
336 337 500.5 500.5 0
337 338 500.5 500.5 0
338 339 500.5 500.5 0
339 340 500.5 500.5 0
340 341 500.5 500.5 0
341 342 500.5 500.5 0
342 343 500.5 500.5 0
343 344 500.5 500.5 0
344 345 500.5 500.5 0
345 346 500.5 500.5 0
346 347 500.5 500.5 0
347 348 500.5 500.5 0
348 349 500.5 500.5 0
349 350 500.5 500.5 0
350 351 500.5 500.5 0
351 352 500.5 500.5 0
352 353 500.5 500.5 0
353 354 500.5 500.5 0
354 355 500.5 500.5 0
355 356 500.5 500.5 0
356 357 500.5 500.5 0
357 358 500.5 500.5 0
358 359 500.5 500.5 0
359 360 500.5 500.5 0
360 361 500.5 500.5 0
361 362 500.5 500.5 0
362 363 500.5 500.5 0
363 364 500.5 500.5 0
364 365 500.5 500.5 0
365 366 500.5 500.5 0
366 367 500.5 500.5 0
367 368 500.5 500.5 0
368 369 500.5 500.5 0
369 370 500.5 500.5 0
370 371 500.5 500.5 0
371 372 500.5 500.5 0
372 373 500.5 500.5 0
373 374 500.5 500.5 0
374 375 500.5 500.5 0
375 376 500.5 500.5 0
376 377 500.5 500.5 0
377 378 500.5 500.5 0
378 379 500.5 500.5 0
379 380 500.5 500.5 0
380 381 500.5 500.5 0
381 382 500.5 500.5 0
382 383 500.5 500.5 0
383 384 500.5 500.5 0
384 385 500.5 500.5 0
385 386 500.5 500.5 0
386 387 500.5 500.5 0
387 388 500.5 500.5 0
388 389 500.5 500.5 0
389 390 500.5 500.5 0
390 391 500.5 500.5 0
391 392 500.5 500.5 0
392 393 500.5 500.5 0
393 394 500.5 500.5 0
394 395 500.5 500.5 0
395 396 500.5 500.5 0
396 397 500.5 500.5 0
397 398 500.5 500.5 0
398 399 500.5 500.5 0
399 400 500.5 500.5 0
400 401 500.5 500.5 0
401 402 500.5 500.5 0
402 403 500.5 500.5 0
403 404 500.5 500.5 0
404 405 500.5 500.5 0
405 406 500.5 500.5 0
406 407 500.5 500.5 0
407 408 500.5 500.5 0
408 409 500.5 500.5 0
409 410 500.5 500.5 0
410 411 500.5 500.5 0
411 412 500.5 500.5 0
412 413 500.5 500.5 0
413 414 500.5 500.5 0
414 415 500.5 500.5 0
415 416 500.5 500.5 0
416 417 500.5 500.5 0
417 418 500.5 500.5 0
418 419 500.5 500.5 0
419 420 500.5 500.5 0
420 421 500.5 500.5 0
421 422 500.5 500.5 0
422 423 500.5 500.5 0
423 424 500.5 500.5 0
424 425 500.5 500.5 0
425 426 500.5 500.5 0
426 427 500.5 500.5 0
427 428 500.5 500.5 0
428 429 500.5 500.5 0
429 430 500.5 500.5 0
430 431 500.5 500.5 0
431 432 500.5 500.5 0
432 433 500.5 500.5 0
433 434 500.5 500.5 0
434 435 500.5 500.5 0
435 436 500.5 500.5 0
436 437 500.5 500.5 0
437 438 500.5 500.5 0
438 439 500.5 500.5 0
439 440 500.5 500.5 0
440 441 500.5 500.5 0
441 442 500.5 500.5 0
442 443 500.5 500.5 0
443 444 500.5 500.5 0
444 445 500.5 500.5 0
445 446 500.5 500.5 0
446 447 500.5 500.5 0
447 448 500.5 500.5 0
448 449 500.5 500.5 0
449 450 500.5 500.5 0
450 451 500.5 500.5 0
451 452 500.5 500.5 0
452 453 500.5 500.5 0
453 454 500.5 500.5 0
454 455 500.5 500.5 0
455 456 500.5 500.5 0
456 457 500.5 500.5 0
457 458 500.5 500.5 0
458 459 500.5 500.5 0
459 460 500.5 500.5 0
460 461 500.5 500.5 0
461 462 500.5 500.5 0
462 463 500.5 500.5 0
463 464 500.5 500.5 0
464 465 500.5 500.5 0
465 466 500.5 500.5 0
466 467 500.5 500.5 0
467 468 500.5 500.5 0
468 469 500.5 500.5 0
469 470 500.5 500.5 0
470 471 500.5 500.5 0
471 472 500.5 500.5 0
472 473 500.5 500.5 0
473 474 500.5 500.5 0
474 475 500.5 500.5 0
475 476 500.5 500.5 0
476 477 500.5 500.5 0
477 478 500.5 500.5 0
478 479 500.5 500.5 0
479 480 500.5 500.5 0
480 481 500.5 500.5 0
481 482 500.5 500.5 0
482 483 500.5 500.5 0
483 484 500.5 500.5 0
484 485 500.5 500.5 0
485 486 500.5 500.5 0
486 487 500.5 500.5 0
487 488 500.5 500.5 0
488 489 500.5 500.5 0
489 490 500.5 500.5 0
490 491 500.5 500.5 0
491 492 500.5 500.5 0
492 493 500.5 500.5 0
493 494 500.5 500.5 0
494 495 500.5 500.5 0
495 496 500.5 500.5 0
496 497 500.5 500.5 0
497 498 500.5 500.5 0
498 499 500.5 500.5 0
499 500 500.5 500.5 0
500 501 500.5 500.5 0
501 502 500.5 500.5 0
502 503 500.5 500.5 0
503 504 500.5 500.5 0
504 505 500.5 500.5 0
505 506 500.5 500.5 0
506 507 500.5 500.5 0
507 508 500.5 500.5 0
508 509 500.5 500.5 0
509 510 500.5 500.5 0
510 511 500.5 500.5 0
511 512 500.5 500.5 0
512 513 500.5 500.5 0
513 514 500.5 500.5 0
514 515 500.5 500.5 0
515 516 500.5 500.5 0
516 517 500.5 500.5 0
517 518 500.5 500.5 0
518 519 500.5 500.5 0
519 520 500.5 500.5 0
520 521 500.5 500.5 0
521 522 500.5 500.5 0
522 523 500.5 500.5 0
523 524 500.5 500.5 0
524 525 500.5 500.5 0
525 526 500.5 500.5 0
526 527 500.5 500.5 0
527 528 500.5 500.5 0
528 529 500.5 500.5 0
529 530 500.5 500.5 0
530 531 500.5 500.5 0
531 532 500.5 500.5 0
532 533 500.5 500.5 0
533 534 500.5 500.5 0
534 535 500.5 500.5 0
535 536 500.5 500.5 0
536 537 500.5 500.5 0
537 538 500.5 500.5 0
538 539 500.5 500.5 0
539 540 500.5 500.5 0
540 541 500.5 500.5 0
541 542 500.5 500.5 0
542 543 500.5 500.5 0
543 544 500.5 500.5 0
544 545 500.5 500.5 0
545 546 500.5 500.5 0
546 547 500.5 500.5 0
547 548 500.5 500.5 0
548 549 500.5 500.5 0
549 550 500.5 500.5 0
550 551 500.5 500.5 0
551 552 500.5 500.5 0
552 553 500.5 500.5 0
553 554 500.5 500.5 0
554 555 500.5 500.5 0
555 556 500.5 500.5 0
556 557 500.5 500.5 0
557 558 500.5 500.5 0
558 559 500.5 500.5 0
559 560 500.5 500.5 0
560 561 500.5 500.5 0
561 562 500.5 500.5 0
562 563 500.5 500.5 0
563 564 500.5 500.5 0
564 565 500.5 500.5 0
565 566 500.5 500.5 0
566 567 500.5 500.5 0
567 568 500.5 500.5 0
568 569 500.5 500.5 0
569 570 500.5 500.5 0
570 571 500.5 500.5 0
571 572 500.5 500.5 0
572 573 500.5 500.5 0
573 574 500.5 500.5 0
574 575 500.5 500.5 0
575 576 500.5 500.5 0
576 577 500.5 500.5 0
577 578 500.5 500.5 0
578 579 500.5 500.5 0
579 580 500.5 500.5 0
580 581 500.5 500.5 0
581 582 500.5 500.5 0
582 583 500.5 500.5 0
583 584 500.5 500.5 0
584 585 500.5 500.5 0
585 586 500.5 500.5 0
586 587 500.5 500.5 0
587 588 500.5 500.5 0
588 589 500.5 500.5 0
589 590 500.5 500.5 0
590 591 500.5 500.5 0
591 592 500.5 500.5 0
592 593 500.5 500.5 0
593 594 500.5 500.5 0
594 595 500.5 500.5 0
595 596 500.5 500.5 0
596 597 500.5 500.5 0
597 598 500.5 500.5 0
598 599 500.5 500.5 0
599 600 500.5 500.5 0
600 601 500.5 500.5 0
601 602 500.5 500.5 0
602 603 500.5 500.5 0
603 604 500.5 500.5 0
604 605 500.5 500.5 0
605 606 500.5 500.5 0
606 607 500.5 500.5 0
607 608 500.5 500.5 0
608 609 500.5 500.5 0
609 610 500.5 500.5 0
610 611 500.5 500.5 0
611 612 500.5 500.5 0
612 613 500.5 500.5 0
613 614 500.5 500.5 0
614 615 500.5 500.5 0
615 616 500.5 500.5 0
616 617 500.5 500.5 0
617 618 500.5 500.5 0
618 619 500.5 500.5 0
619 620 500.5 500.5 0
620 621 500.5 500.5 0
621 622 500.5 500.5 0
622 623 500.5 500.5 0
623 624 500.5 500.5 0
624 625 500.5 500.5 0
625 626 500.5 500.5 0
626 627 500.5 500.5 0
627 628 500.5 500.5 0
628 629 500.5 500.5 0
629 630 500.5 500.5 0
630 631 500.5 500.5 0
631 632 500.5 500.5 0
632 633 500.5 500.5 0
633 634 500.5 500.5 0
634 635 500.5 500.5 0
635 636 500.5 500.5 0
636 637 500.5 500.5 0
637 638 500.5 500.5 0
638 639 500.5 500.5 0
639 640 500.5 500.5 0
640 641 500.5 500.5 0
641 642 500.5 500.5 0
642 643 500.5 500.5 0
643 644 500.5 500.5 0
644 645 500.5 500.5 0
645 646 500.5 500.5 0
646 647 500.5 500.5 0
647 648 500.5 500.5 0
648 649 500.5 500.5 0
649 650 500.5 500.5 0
650 651 500.5 500.5 0
651 652 500.5 500.5 0
652 653 500.5 500.5 0
653 654 500.5 500.5 0
654 655 500.5 500.5 0
655 656 500.5 500.5 0
656 657 500.5 500.5 0
657 658 500.5 500.5 0
658 659 500.5 500.5 0
659 660 500.5 500.5 0
660 661 500.5 500.5 0
661 662 500.5 500.5 0
662 663 500.5 500.5 0
663 664 500.5 500.5 0
664 665 500.5 500.5 0
665 666 500.5 500.5 0
666 667 500.5 500.5 0
667 668 500.5 500.5 0
668 669 500.5 500.5 0
669 670 500.5 500.5 0
670 671 500.5 500.5 0
671 672 500.5 500.5 0
672 673 500.5 500.5 0
673 674 500.5 500.5 0
674 675 500.5 500.5 0
675 676 500.5 500.5 0
676 677 500.5 500.5 0
677 678 500.5 500.5 0
678 679 500.5 500.5 0
679 680 500.5 500.5 0
680 681 500.5 500.5 0
681 682 500.5 500.5 0
682 683 500.5 500.5 0
683 684 500.5 500.5 0
684 685 500.5 500.5 0
685 686 500.5 500.5 0
686 687 500.5 500.5 0
687 688 500.5 500.5 0
688 689 500.5 500.5 0
689 690 500.5 500.5 0
690 691 500.5 500.5 0
691 692 500.5 500.5 0
692 693 500.5 500.5 0
693 694 500.5 500.5 0
694 695 500.5 500.5 0
695 696 500.5 500.5 0
696 697 500.5 500.5 0
697 698 500.5 500.5 0
698 699 500.5 500.5 0
699 700 500.5 500.5 0
700 701 500.5 500.5 0
701 702 500.5 500.5 0
702 703 500.5 500.5 0
703 704 500.5 500.5 0
704 705 500.5 500.5 0
705 706 500.5 500.5 0
706 707 500.5 500.5 0
707 708 500.5 500.5 0
708 709 500.5 500.5 0
709 710 500.5 500.5 0
710 711 500.5 500.5 0
711 712 500.5 500.5 0
712 713 500.5 500.5 0
713 714 500.5 500.5 0
714 715 500.5 500.5 0
715 716 500.5 500.5 0
716 717 500.5 500.5 0
717 718 500.5 500.5 0
718 719 500.5 500.5 0
719 720 500.5 500.5 0
720 721 500.5 500.5 0
721 722 500.5 500.5 0
722 723 500.5 500.5 0
723 724 500.5 500.5 0
724 725 500.5 500.5 0
725 726 500.5 500.5 0
726 727 500.5 500.5 0
727 728 500.5 500.5 0
728 729 500.5 500.5 0
729 730 500.5 500.5 0
730 731 500.5 500.5 0
731 732 500.5 500.5 0
732 733 500.5 500.5 0
733 734 500.5 500.5 0
734 735 500.5 500.5 0
735 736 500.5 500.5 0
736 737 500.5 500.5 0
737 738 500.5 500.5 0
738 739 500.5 500.5 0
739 740 500.5 500.5 0
740 741 500.5 500.5 0
741 742 500.5 500.5 0
742 743 500.5 500.5 0
743 744 500.5 500.5 0
744 745 500.5 500.5 0
745 746 500.5 500.5 0
746 747 500.5 500.5 0
747 748 500.5 500.5 0
748 749 500.5 500.5 0
749 750 500.5 500.5 0
750 751 500.5 500.5 0
751 752 500.5 500.5 0
752 753 500.5 500.5 0
753 754 500.5 500.5 0
754 755 500.5 500.5 0
755 756 500.5 500.5 0
756 757 500.5 500.5 0
757 758 500.5 500.5 0
758 759 500.5 500.5 0
759 760 500.5 500.5 0
760 761 500.5 500.5 0
761 762 500.5 500.5 0
762 763 500.5 500.5 0
763 764 500.5 500.5 0
764 765 500.5 500.5 0
765 766 500.5 500.5 0
766 767 500.5 500.5 0
767 768 500.5 500.5 0
768 769 500.5 500.5 0
769 770 500.5 500.5 0
770 771 500.5 500.5 0
771 772 500.5 500.5 0
772 773 500.5 500.5 0
773 774 500.5 500.5 0
774 775 500.5 500.5 0
775 776 500.5 500.5 0
776 777 500.5 500.5 0
777 778 500.5 500.5 0
778 779 500.5 500.5 0
779 780 500.5 500.5 0
780 781 500.5 500.5 0
781 782 500.5 500.5 0
782 783 500.5 500.5 0
783 784 500.5 500.5 0
784 785 500.5 500.5 0
785 786 500.5 500.5 0
786 787 500.5 500.5 0
787 788 500.5 500.5 0
788 789 500.5 500.5 0
789 790 500.5 500.5 0
790 791 500.5 500.5 0
791 792 500.5 500.5 0
792 793 500.5 500.5 0
793 794 500.5 500.5 0
794 795 500.5 500.5 0
795 796 500.5 500.5 0
796 797 500.5 500.5 0
797 798 500.5 500.5 0
798 799 500.5 500.5 0
799 800 500.5 500.5 0
800 801 500.5 500.5 0
801 802 500.5 500.5 0
802 803 500.5 500.5 0
803 804 500.5 500.5 0
804 805 500.5 500.5 0
805 806 500.5 500.5 0
806 807 500.5 500.5 0
807 808 500.5 500.5 0
808 809 500.5 500.5 0
809 810 500.5 500.5 0
810 811 500.5 500.5 0
811 812 500.5 500.5 0
812 813 500.5 500.5 0
813 814 500.5 500.5 0
814 815 500.5 500.5 0
815 816 500.5 500.5 0
816 817 500.5 500.5 0
817 818 500.5 500.5 0
818 819 500.5 500.5 0
819 820 500.5 500.5 0
820 821 500.5 500.5 0
821 822 500.5 500.5 0
822 823 500.5 500.5 0
823 824 500.5 500.5 0
824 825 500.5 500.5 0
825 826 500.5 500.5 0
826 827 500.5 500.5 0
827 828 500.5 500.5 0
828 829 500.5 500.5 0
829 830 500.5 500.5 0
830 831 500.5 500.5 0
831 832 500.5 500.5 0
832 833 500.5 500.5 0
833 834 500.5 500.5 0
834 835 500.5 500.5 0
835 836 500.5 500.5 0
836 837 500.5 500.5 0
837 838 500.5 500.5 0
838 839 500.5 500.5 0
839 840 500.5 500.5 0
840 841 500.5 500.5 0
841 842 500.5 500.5 0
842 843 500.5 500.5 0
843 844 500.5 500.5 0
844 845 500.5 500.5 0
845 846 500.5 500.5 0
846 847 500.5 500.5 0
847 848 500.5 500.5 0
848 849 500.5 500.5 0
849 850 500.5 500.5 0
850 851 500.5 500.5 0
851 852 500.5 500.5 0
852 853 500.5 500.5 0
853 854 500.5 500.5 0
854 855 500.5 500.5 0
855 856 500.5 500.5 0
856 857 500.5 500.5 0
857 858 500.5 500.5 0
858 859 500.5 500.5 0
859 860 500.5 500.5 0
860 861 500.5 500.5 0
861 862 500.5 500.5 0
862 863 500.5 500.5 0
863 864 500.5 500.5 0
864 865 500.5 500.5 0
865 866 500.5 500.5 0
866 867 500.5 500.5 0
867 868 500.5 500.5 0
868 869 500.5 500.5 0
869 870 500.5 500.5 0
870 871 500.5 500.5 0
871 872 500.5 500.5 0
872 873 500.5 500.5 0
873 874 500.5 500.5 0
874 875 500.5 500.5 0
875 876 500.5 500.5 0
876 877 500.5 500.5 0
877 878 500.5 500.5 0
878 879 500.5 500.5 0
879 880 500.5 500.5 0
880 881 500.5 500.5 0
881 882 500.5 500.5 0
882 883 500.5 500.5 0
883 884 500.5 500.5 0
884 885 500.5 500.5 0
885 886 500.5 500.5 0
886 887 500.5 500.5 0
887 888 500.5 500.5 0
888 889 500.5 500.5 0
889 890 500.5 500.5 0
890 891 500.5 500.5 0
891 892 500.5 500.5 0
892 893 500.5 500.5 0
893 894 500.5 500.5 0
894 895 500.5 500.5 0
895 896 500.5 500.5 0
896 897 500.5 500.5 0
897 898 500.5 500.5 0
898 899 500.5 500.5 0
899 900 500.5 500.5 0
900 901 500.5 500.5 0
901 902 500.5 500.5 0
902 903 500.5 500.5 0
903 904 500.5 500.5 0
904 905 500.5 500.5 0
905 906 500.5 500.5 0
906 907 500.5 500.5 0
907 908 500.5 500.5 0
908 909 500.5 500.5 0
909 910 500.5 500.5 0
910 911 500.5 500.5 0
911 912 500.5 500.5 0
912 913 500.5 500.5 0
913 914 500.5 500.5 0
914 915 500.5 500.5 0
915 916 500.5 500.5 0
916 917 500.5 500.5 0
917 918 500.5 500.5 0
918 919 500.5 500.5 0
919 920 500.5 500.5 0
920 921 500.5 500.5 0
921 922 500.5 500.5 0
922 923 500.5 500.5 0
923 924 500.5 500.5 0
924 925 500.5 500.5 0
925 926 500.5 500.5 0
926 927 500.5 500.5 0
927 928 500.5 500.5 0
928 929 500.5 500.5 0
929 930 500.5 500.5 0
930 931 500.5 500.5 0
931 932 500.5 500.5 0
932 933 500.5 500.5 0
933 934 500.5 500.5 0
934 935 500.5 500.5 0
935 936 500.5 500.5 0
936 937 500.5 500.5 0
937 938 500.5 500.5 0
938 939 500.5 500.5 0
939 940 500.5 500.5 0
940 941 500.5 500.5 0
941 942 500.5 500.5 0
942 943 500.5 500.5 0
943 944 500.5 500.5 0
944 945 500.5 500.5 0
945 946 500.5 500.5 0
946 947 500.5 500.5 0
947 948 500.5 500.5 0
948 949 500.5 500.5 0
949 950 500.5 500.5 0
950 951 500.5 500.5 0
951 952 500.5 500.5 0
952 953 500.5 500.5 0
953 954 500.5 500.5 0
954 955 500.5 500.5 0
955 956 500.5 500.5 0
956 957 500.5 500.5 0
957 958 500.5 500.5 0
958 959 500.5 500.5 0
959 960 500.5 500.5 0
960 961 500.5 500.5 0
961 962 500.5 500.5 0
962 963 500.5 500.5 0
963 964 500.5 500.5 0
964 965 500.5 500.5 0
965 966 500.5 500.5 0
966 967 500.5 500.5 0
967 968 500.5 500.5 0
968 969 500.5 500.5 0
969 970 500.5 500.5 0
970 971 500.5 500.5 0
971 972 500.5 500.5 0
972 973 500.5 500.5 0
973 974 500.5 500.5 0
974 975 500.5 500.5 0
975 976 500.5 500.5 0
976 977 500.5 500.5 0
977 978 500.5 500.5 0
978 979 500.5 500.5 0
979 980 500.5 500.5 0
980 981 500.5 500.5 0
981 982 500.5 500.5 0
982 983 500.5 500.5 0
983 984 500.5 500.5 0
984 985 500.5 500.5 0
985 986 500.5 500.5 0
986 987 500.5 500.5 0
987 988 500.5 500.5 0
988 989 500.5 500.5 0
989 990 500.5 500.5 0
990 991 500.5 500.5 0
991 992 500.5 500.5 0
992 993 500.5 500.5 0
993 994 500.5 500.5 0
994 995 500.5 500.5 0
995 996 500.5 500.5 0
996 997 500.5 500.5 0
997 998 500.5 500.5 0
998 999 500.5 500.5 0
